GDP IMPACT IN 2100 WITH A DISTRIBUTED LAG IN CLIMATE
====================================================

eta_t = sum_{j=0}^{L} beta_j' (x_{t-j} - x_0);  L=0 reproduces the
contemporaneous-only specification used in the paper.

delta_bhm: each country's GDP path compounded first, then summed across
countries weighted by population (BHM aggregation). This is the reported
global impact. ratio_bhm_vs_L0 rescales by each row's own L=0 value.

    ssp        spec estimator L n_country delta_bhm delta_unweighted delta_cold
 SSP585      Direct       AFE 0       149   -0.3239          -0.3323     0.2355
 SSP585      Direct       IFE 0       149   -0.3965          -0.4561    -0.0808
 SSP585      Direct       AFE 1       149   -0.2798          -0.3588     0.0418
 SSP585      Direct       IFE 1       149   -0.4718          -0.5291    -0.2958
 SSP585      Direct       AFE 2       149   -0.1823          -0.2709     0.0934
 SSP585      Direct       IFE 2       149   -0.4886          -0.5377    -0.2676
 SSP585      Direct       AFE 3       149   -0.4369          -0.4968    -0.2949
 SSP585      Direct       IFE 3       149    0.4449           0.3180     1.2586
 SSP585      Direct       AFE 4       149   -0.4048          -0.4591    -0.3076
 SSP585      Direct       IFE 4       149    0.5129           0.4229     1.5473
 SSP585      Direct       AFE 5       149   -0.4506          -0.4367    -0.4935
 SSP585      Direct       IFE 5       149   -0.4743          -0.5344    -0.3104
 SSP585 Interactive       AFE 0       149   -0.2594          -0.2864     0.3249
 SSP585 Interactive       IFE 0       149   -0.3663          -0.4357    -0.0522
 SSP585 Interactive       AFE 1       149   -0.2601          -0.3548     0.0518
 SSP585 Interactive       IFE 1       149   -0.4887          -0.4953    -0.2887
 SSP585 Interactive       AFE 2       149   -0.2211          -0.2655     0.0569
 SSP585 Interactive       IFE 2       149   -0.4655          -0.4336    -0.1241
 SSP585 Interactive       AFE 3       149   -0.4960          -0.5429    -0.3971
 SSP585 Interactive       IFE 3       149    0.3587           0.4817     1.6346
 SSP585 Interactive       AFE 4       149   -0.4739          -0.4606    -0.4094
 SSP585 Interactive       IFE 4       149    0.3943           0.7606     2.2890
 SSP585 Interactive       AFE 5       149   -0.4041          -0.3087    -0.4984
 SSP585 Interactive       IFE 5       149   -0.4863          -0.3545     0.0765
 SSP370      Direct       AFE 0       147   -0.3119          -0.3037     0.1861
 SSP370      Direct       IFE 0       147   -0.3405          -0.3580    -0.0093
 SSP370      Direct       AFE 1       147   -0.2452          -0.2708     0.0789
 SSP370      Direct       IFE 1       147   -0.3810          -0.3986    -0.1694
 SSP370      Direct       AFE 2       147   -0.1617          -0.1897     0.1115
 SSP370      Direct       IFE 2       147   -0.4026          -0.4126    -0.1483
 SSP370      Direct       AFE 3       147   -0.3456          -0.3662    -0.1705
 SSP370      Direct       IFE 3       147    0.1992           0.1629     0.7974
 SSP370      Direct       AFE 4       147   -0.3128          -0.3328    -0.1860
 SSP370      Direct       IFE 4       147    0.2169           0.1945     0.9383
 SSP370      Direct       AFE 5       147   -0.3352          -0.3291    -0.3660
 SSP370      Direct       IFE 5       147   -0.3820          -0.4028    -0.1794
 SSP370 Interactive       AFE 0       147   -0.2823          -0.2736     0.2440
 SSP370 Interactive       IFE 0       147   -0.3299          -0.3457     0.0094
 SSP370 Interactive       AFE 1       147   -0.2411          -0.2607     0.0809
 SSP370 Interactive       IFE 1       147   -0.3909          -0.3756    -0.1713
 SSP370 Interactive       AFE 2       147   -0.1811          -0.1773     0.0882
 SSP370 Interactive       IFE 2       147   -0.3616          -0.3168    -0.0381
 SSP370 Interactive       AFE 3       147   -0.3944          -0.4103    -0.2516
 SSP370 Interactive       IFE 3       147    0.1599           0.2202     0.9835
 SSP370 Interactive       AFE 4       147   -0.3598          -0.3476    -0.2623
 SSP370 Interactive       IFE 4       147    0.1880           0.3288     1.2789
 SSP370 Interactive       AFE 5       147   -0.3190          -0.2565    -0.3713
 SSP370 Interactive       IFE 5       147   -0.3571          -0.2515     0.1146
 SSP245      Direct       AFE 0       148   -0.2177          -0.2317     0.1016
 SSP245      Direct       IFE 0       148   -0.2203          -0.2375     0.0041
 SSP245      Direct       AFE 1       148   -0.1550          -0.1748     0.0557
 SSP245      Direct       IFE 1       148   -0.2427          -0.2533    -0.0913
 SSP245      Direct       AFE 2       148   -0.0997          -0.1168     0.0738
 SSP245      Direct       IFE 2       148   -0.2639          -0.2699    -0.0797
 SSP245      Direct       AFE 3       148   -0.2149          -0.2266    -0.0919
 SSP245      Direct       IFE 3       148    0.0966           0.0672     0.4132
 SSP245      Direct       AFE 4       148   -0.1893          -0.1996    -0.1022
 SSP245      Direct       IFE 4       148    0.0985           0.0689     0.4710
 SSP245      Direct       AFE 5       148   -0.2074          -0.2027    -0.2305
 SSP245      Direct       IFE 5       148   -0.2400          -0.2528    -0.0959
 SSP245 Interactive       AFE 0       148   -0.2008          -0.2159     0.1215
 SSP245 Interactive       IFE 0       148   -0.2149          -0.2292     0.0059
 SSP245 Interactive       AFE 1       148   -0.1564          -0.1717     0.0532
 SSP245 Interactive       IFE 1       148   -0.2556          -0.2461    -0.0988
 SSP245 Interactive       AFE 2       148   -0.1161          -0.1110     0.0526
 SSP245 Interactive       IFE 2       148   -0.2431          -0.2145    -0.0290
 SSP245 Interactive       AFE 3       148   -0.2493          -0.2563    -0.1473
 SSP245 Interactive       IFE 3       148    0.0657           0.0642     0.4525
 SSP245 Interactive       AFE 4       148   -0.2262          -0.2135    -0.1566
 SSP245 Interactive       IFE 4       148    0.0611           0.0823     0.5581
 SSP245 Interactive       AFE 5       148   -0.2160          -0.1655    -0.2425
 SSP245 Interactive       IFE 5       148   -0.2439          -0.1909     0.0285
 SSP126      Direct       AFE 0       148   -0.0956          -0.1138     0.0334
 SSP126      Direct       IFE 0       148   -0.0903          -0.1034     0.0042
 SSP126      Direct       AFE 1       148   -0.0615          -0.0749     0.0226
 SSP126      Direct       IFE 1       148   -0.0990          -0.1051    -0.0320
 SSP126      Direct       AFE 2       148   -0.0387          -0.0490     0.0274
 SSP126      Direct       IFE 2       148   -0.1119          -0.1168    -0.0316
 SSP126      Direct       AFE 3       148   -0.0852          -0.0910    -0.0307
 SSP126      Direct       IFE 3       148    0.0323           0.0113     0.1322
 SSP126      Direct       AFE 4       148   -0.0729          -0.0772    -0.0337
 SSP126      Direct       IFE 4       148    0.0307           0.0066     0.1476
 SSP126      Direct       AFE 5       148   -0.0825          -0.0784    -0.0873
 SSP126      Direct       IFE 5       148   -0.0960          -0.1030    -0.0315
 SSP126 Interactive       AFE 0       148   -0.0898          -0.1096     0.0352
 SSP126 Interactive       IFE 0       148   -0.0904          -0.1028    -0.0011
 SSP126 Interactive       AFE 1       148   -0.0640          -0.0740     0.0199
 SSP126 Interactive       IFE 1       148   -0.1083          -0.1049    -0.0378
 SSP126 Interactive       AFE 2       148   -0.0479          -0.0465     0.0190
 SSP126 Interactive       IFE 2       148   -0.1055          -0.0936    -0.0125
 SSP126 Interactive       AFE 3       148   -0.1018          -0.1060    -0.0556
 SSP126 Interactive       IFE 3       148    0.0188           0.0019     0.1383
 SSP126 Interactive       AFE 4       148   -0.0916          -0.0847    -0.0553
 SSP126 Interactive       IFE 4       148    0.0130           0.0012     0.1682
 SSP126 Interactive       AFE 5       148   -0.0962          -0.0656    -0.0896
 SSP126 Interactive       IFE 5       148   -0.1029          -0.0812     0.0165
 delta_hot n_gainers ratio_bhm_vs_L0 ratio_unw_vs_L0
   -0.8925        27          1.0000          1.0000
   -0.8264        24          1.0000          1.0000
   -0.7540        28          0.8638          1.0798
   -0.7592        13          1.1897          1.1600
   -0.6303        36          0.5629          0.8153
   -0.8043        15          1.2322          1.1790
   -0.6960        11          1.3492          1.4951
   -0.6101        53         -1.1221         -0.6972
   -0.6086         6          1.2499          1.3816
   -0.6865        50         -1.2934         -0.9272
   -0.3806         0          1.3915          1.3141
   -0.7554        13          1.1962          1.1717
   -0.8895        31          1.0000          1.0000
   -0.8141        26          1.0000          1.0000
   -0.7560        30          1.0027          1.2390
   -0.6991        17          1.3340          1.1368
   -0.5836        31          0.8525          0.9271
   -0.7389        15          1.2709          0.9951
   -0.6868         4          1.9123          1.8958
   -0.6558        52         -0.9791         -1.1057
   -0.5111         4          1.8270          1.6084
   -0.7474        47         -1.0763         -1.7458
   -0.1215        35          1.5579          1.0780
   -0.7798        14          1.3276          0.8137
   -0.7869        31          1.0000          1.0000
   -0.7021        28          1.0000          1.0000
   -0.6159        34          0.7862          0.8917
   -0.6247        14          1.1190          1.1133
   -0.4868        39          0.5184          0.6246
   -0.6734        17          1.1826          1.1524
   -0.5592        13          1.1078          1.2056
   -0.4630        58         -0.5852         -0.4551
   -0.4777         8          1.0026          1.0958
   -0.5393        56         -0.6372         -0.5431
   -0.2928         0          1.0746          1.0836
   -0.6233        14          1.1221          1.1251
   -0.7841        36          1.0000          1.0000
   -0.6961        27          1.0000          1.0000
   -0.5977        36          0.8540          0.9530
   -0.5772        17          1.1849          1.0864
   -0.4392        39          0.6412          0.6481
   -0.5917        21          1.0961          0.9163
   -0.5670         6          1.3968          1.5001
   -0.5328        56         -0.4847         -0.6368
   -0.4318         6          1.2743          1.2707
   -0.6084        54         -0.5698         -0.9511
   -0.1433        28          1.1297          0.9378
   -0.6126        22          1.0826          0.7274
   -0.5650        37          1.0000          1.0000
   -0.4792        31          1.0000          1.0000
   -0.4053        38          0.7119          0.7545
   -0.4153        19          1.1016          1.0664
   -0.3074        43          0.4580          0.5041
   -0.4602        23          1.1977          1.1364
   -0.3614        16          0.9874          0.9781
   -0.2787        61         -0.4386         -0.2831
   -0.2970        11          0.8694          0.8614
   -0.3331        59         -0.4469         -0.2901
   -0.1749         0          0.9530          0.8748
   -0.4097        17          1.0893          1.0642
   -0.5533        40          1.0000          1.0000
   -0.4642        32          1.0000          1.0000
   -0.3967        40          0.7790          0.7954
   -0.3933        17          1.1894          1.0736
   -0.2747        42          0.5784          0.5143
   -0.4000        22          1.1311          0.9361
   -0.3653         8          1.2416          1.1872
   -0.3241        57         -0.3057         -0.2802
   -0.2704         7          1.1264          0.9887
   -0.3936        56         -0.2841         -0.3590
   -0.0884        31          1.0759          0.7664
   -0.4103        24          1.1348          0.8329
   -0.2609        41          1.0000          1.0000
   -0.2111        35          1.0000          1.0000
   -0.1724        41          0.6438          0.6584
   -0.1782        21          1.0959          1.0160
   -0.1254        46          0.4050          0.4303
   -0.2021        22          1.2390          1.1293
   -0.1514        18          0.8908          0.7999
   -0.1097        62         -0.3571         -0.1091
   -0.1207        15          0.7622          0.6786
   -0.1343        61         -0.3401         -0.0641
   -0.0694         0          0.8625          0.6888
   -0.1746        22          1.0628          0.9959
   -0.2543        41          1.0000          1.0000
   -0.2045        32          1.0000          1.0000
   -0.1678        41          0.7129          0.6751
   -0.1721        19          1.1981          1.0203
   -0.1121        41          0.5330          0.4247
   -0.1748        26          1.1666          0.9107
   -0.1563        11          1.1339          0.9673
   -0.1344        58         -0.2075         -0.0188
   -0.1140        11          1.0199          0.7727
   -0.1658        57         -0.1433         -0.0114
   -0.0416        33          1.0712          0.5987
   -0.1789        30          1.1388          0.7897
